13018
13390
11975
5677
5706
4
8568
9596
478
495
502
4500
5726
12743
5728
518
9394
13142
523
5730
5698
10564
5743
5745
8641
9132
12407
9211
8
572
573
5763
5765
12035
5797
596
13023
12149
362
207
652
5747
4445
12650
654
1026
10562
9300
7404
10596
8313
5814
693
13294
704
715
716
717
725
9790
8157
730
13457
732
742
744
745
756
758
12138
5838
10901
779
782
785
795
5852
5853
9716
5857
9222
9219
11917
11979
12063
8582
12034
4346
13539
8223
10664
8177
12654
5901
5905
8704
855
8649
857
10776
10777
13339
9948
881
13027
885
887
888
8383
892
5925
10347
5931
902
921
923
10952
961
962
974
989
998
8244
1001
10006
1018
11900
9313
1023
1034
5972
1041
5976
12136
10820
8171
1082
1083
11904
9315
5996
11924
1094
199
10673
1097
1099
1103
1104
5644
1107
1110
1129
6004
10442
1143
1158
1160
9820
10987
9523
1173
1174
1175
12308
1179
10826
5161
1187
1198
1201
1202
10446
10166
12441
12443
9234
30
1294
6050
1302
1306
1312
1315
1316
10749
8630
1732
10845
10847
1738
10990
10853
10854
13000
10835
10834
10833
10832
8669
10857
10856
10858
8668
10862
10836
10838
6090
1340
5415
10842
10840
10843
5353
1346
10844
10978
11002
5369
1352
6099
10964
1355
1361
1362
1365
1366
9574
1371
1375
1381
1382
1383
1386
1388
1389
11970
11969
9771
9272
1409
8356
9525
1419
1421
1423
6131
10961
1429
1433
1434
1438
1439
1442
6137
1448
1449
12893
1453
1454
13322
1472
1474
1475
1478
10617
1479
12782
10908
219
1483
1484
6168
1488
1492
1495
1498
12589
1497
4589
1504
1507
1508
8446
1523
1526
1528
1530
13487
1532
1533
1538
1541
1542
1543
1546
1547
10799
1564
1570
1573
12994
1579
1584
1586
1587
1588
1590
1591
1593
1595
1598
1607
1610
1616
12151
10927
1629
9752
12392
1635
1637
1646
12346
11976
8194
9529
9530
1657
1658
233
6240
6241
1689
1692
1693
1694
1701
1702
1707
1709
1710
1715
1720
1798
1799
1802
13299
1812
12415
1840
8322
1843
1846
1847
1854
1853
1857
1858
10930
10750
10888
10780
13075
10409
1870
1873
1874
10715
1876
12622
12477
9236
13028
1889
1890
1895
12653
1906
12321
1910
6285
6286
12908
1919
1976
1977
1983
1984
1985
1986
1992
2009
2022
2031
2032
7431
2042
2043
2044
2045
2051
2050
6322
2092
6324
13013
6352
2099
2101
2106
2109
294
10431
9270
6340
11909
6343
2130
6346
9142
12130
2136
13044
2163
2173
2175
2177
13029
6364
6372
2196
10800
10757
2204
2205
2206
12047
2213
2220
13647
2226
2227
2250
10665
6410
7229
8655
2254
8607
10455
1113
2280
2287
2297
2302
2304
2305
2309
2310
2311
517
13104
2329
2333
6452
2349
2350
2357
2358
2361
10912
12825
2366
2367
2368
2377
2389
2395
2407
2409
2411
2415
13541
8400
1863
12278
13373
2444
13654
2455
2459
13022
2464
2467
6499
2471
9450
9536
2482
2484
2486
2487
2488
2489
2491
11912
8386
6516
8620
2495
2502
2503
10760
10670
2521
2522
2540
2558
9618
12651
6547
10897
2567
9786
6552
2574
9665
9537
13277
2619
6578
10795
12089
13472
10183
9432
2649
2651
13659
13702
13384
6610
6611
736
2661
2663
9542
2669
6654
2671
10875
2698
2703
2712
2725
10770
2732
2733
2737
72
9645
9783
9784
2749
2755
8160
2767
2776
2786
9655
2793
2800
2811
12754
6717
10796
2883
12078
2895
76
6731
9334
5237
13256
10918
10482
2995
10807
10808
10871
10733
10802
12940
10982
12032
13455
11928
6825
10721
10085
6840
11922
10827
11968
6862
3191
12799
10880
10881
3214
3218
3219
9962
7881
12645
10732
9713
3259
10960
12974
6910
10920
3299
10979
3329
6945
12124
176
12973
10460
10466
12279
91
6966
7744
8216
3389
3393
3399
3401
202
12141
3425
3426
3434
12963
9422
3460
12041
3471
12003
3565
7030
7033
3611
7036
10438
3660
9147
3676
12058
1459
13644
7048
10868
8215
10722
7056
10869
5354
43
3800
13743
4676
3845
98
7123
10552
10549
10550
7130
12764
180
7137
7143
12831
8162
9549
7169
7177
3959
7189
3963
8211
7196
9414
7198
7199
13048
12075
10797
13334
9724
12133
4001
8687
9801
7222
12941
7231
9136
10932
12074
4043
7252
9137
9746
4089
9360
7263
9720
10931
4116
13106
4174
9460
12285
10411
12706
7304
7308
10269
8577
13402
7318
13447
7323
4215
9354
9415
7328
4236
10968
11896
13087
11921
10443
7346
11895
9366
10743
7386
13514
12123
4336
9404
4354
12182
7397
10026
10904
7406
7409
13613
107
10967
4415
4418
9622
5651
9552
4435
4453
10737
4454
4474
9554
9247
10738
8612
6608
9664
10410
4487
7465
10928
7468
12263
11891
10575
11977
4525
10565
4547
10758
7487
4559
8402
7492
4586
4587
10926
4592
4595
4596
4597
12813
4616
11989
12795
11012
13640
4655
8417
112
12967
4680
1432
4687
7570
5700
4720
10846
10837
10839
10841
4725
10407
9377
12774
150
13206
240
12911
8169
11978
12996
13355
4781
12735
9967
10945
13497
10819
9872
7645
7647
7648
11943
7650
8746
13254
9895
9385
7444
4900
4909
9637
13735
4940
10748
4965
10822
8685
10191
7704
9561
9785
8195
1193
10193
5050
5051
7712
10993
9478
8403
5074
5085
13235
13683
5144
12762
4607
10798
7767
12965
7779
12856
8325
5304
12113
7403
10825
12400
7833
10976
8741
5416
9348
271
6355
5476
10531
7857
9349
9439
9263
7875
13708
8569
8676
9282
8692
8677
