10761
8382
8155
5671
11985
10304
1265
9253
9285
8604
456
2882
478
5722
10076
495
506
5613
12743
13142
523
537
5741
5751
5755
12824
9779
10011
9211
572
573
5765
5768
596
13023
12149
5776
5779
7190
637
5791
9495
763
5794
12650
1026
10634
10639
10637
9472
13624
8646
10188
8313
5813
5814
683
5816
697
704
708
715
716
717
725
9653
730
13457
740
742
744
748
5834
756
758
12138
10278
10901
779
785
9946
795
5614
5856
581
9222
5863
802
10303
11979
8689
9519
9461
12034
13136
12107
10624
9289
822
823
10204
10205
10206
10207
10208
10664
2354
12654
841
855
857
10776
5918
870
881
10783
10785
885
887
888
8383
5924
902
5932
920
921
922
923
942
5948
953
961
962
974
977
985
989
992
10903
998
13594
8244
9307
9310
1001
1018
1023
1025
12861
10361
10362
1034
183
1041
12958
12136
10820
10573
1064
1082
8522
9316
9315
5996
1094
10468
10673
1097
1099
1103
1104
5644
1107
1109
1110
5999
1123
1129
6004
12670
10442
9858
1143
1150
1158
1160
10987
1164
6010
9521
9523
1173
1174
1175
10641
1187
9301
6019
1194
1196
1195
1201
1202
10073
7348
6025
10459
3480
9244
9522
1235
12441
1261
412
6037
10685
9306
6040
6047
10077
10613
1294
1298
6050
1302
6051
6052
6055
12845
10636
1303
1306
6059
6060
8238
1309
1312
6062
1315
1316
10749
6065
13000
10592
10862
1352
9319
1355
10156
1360
1361
1362
1365
1366
9949
1371
1375
1381
1382
1383
1386
1388
1389
1391
1393
10063
1409
9418
1419
6125
1423
12705
10961
1429
1433
1434
1438
1439
1442
1446
6137
10008
1448
1449
12893
6141
1452
2191
9526
1453
9527
13322
11897
10790
10656
9972
1471
1472
6149
6150
1473
1474
1475
6154
1477
1478
1479
1480
12782
6163
1483
1484
6168
2252
1488
12311
3328
1492
1493
1495
1496
1498
12589
9134
1497
6177
9722
4589
1504
1507
1508
10744
8446
1512
10240
6193
1523
1526
1528
1530
1533
1534
6200
1538
1541
1542
1543
1546
1547
1548
10290
8750
1558
6205
1564
1567
1570
12994
1579
1583
10504
1584
1586
1587
1588
1590
1591
1593
1595
1598
1599
1601
1607
1609
1610
203
1616
1617
9908
6217
6218
10505
6219
7415
9752
12392
1635
1637
1643
1644
1646
12346
11976
9529
9530
9531
1658
6240
6241
12715
1684
1686
1689
1690
1691
1692
1693
1694
1701
1702
1707
1709
1710
1715
1720
1798
1799
1802
10069
13299
10345
1812
1813
10283
1827
12415
9750
1840
1843
13617
1846
1847
1854
1853
1857
1858
10888
1861
1870
1873
1874
1875
1876
11908
12476
12622
12477
1883
1889
4667
1890
1891
1895
12653
1896
1906
1907
12321
1908
1910
6285
12908
1919
9227
1976
1977
1983
1984
1985
1986
1992
3293
10606
9475
10640
2003
2009
2012
2022
2025
2031
9255
13676
1898
2035
6314
10465
6316
6317
2042
2043
2044
2045
2051
2050
2053
2055
10526
2682
9939
6318
2068
2074
6323
12716
13013
5140
8650
2099
2101
2106
2109
6335
6340
2124
11909
6343
2130
6346
6347
12130
2136
2163
2173
2175
2177
10181
2188
6370
8653
6378
10948
2195
6381
2196
6384
8235
2199
6392
6393
2202
2204
2205
2206
13238
9325
2216
12663
2220
2226
2229
2237
10426
2250
9423
9799
6410
10521
8655
2254
10877
2263
6427
6428
1113
2280
2287
2297
2302
2304
2305
10155
2309
2310
2311
2321
2327
2329
2333
12720
2349
2350
2357
2358
2366
2367
2368
2371
2375
2377
2389
826
2393
2394
2395
2407
2409
2411
2414
2415
2424
9328
10638
12510
1863
13373
2444
2455
2458
2459
10621
13022
2464
6506
2471
2482
2483
2484
2485
2486
2487
2488
2489
6513
6514
11912
8386
6518
2495
6519
2502
2503
2505
10670
2521
2522
12404
2538
2539
2540
2541
2546
2558
6545
6546
12651
6548
10897
6552
2586
9846
10718
8232
6557
2627
2630
10795
6583
10768
2641
2642
10418
6592
6595
2649
2651
9541
2657
13384
6614
6621
2661
9571
2663
11010
9542
2671
2692
2698
2703
2706
2712
9899
2720
10055
8230
10770
2732
2733
6668
2737
2749
2755
2764
2767
2776
2791
2793
2800
6692
2811
2818
2819
2821
10706
2848
2856
2864
9945
6717
2871
10796
6722
2874
2877
2883
2887
2889
2895
2897
8394
2907
2910
2914
9334
6735
2922
2923
2929
2938
9601
2943
2967
2957
519
6757
8424
2984
10524
10523
6768
6774
6777
2995
2996
13113
2998
10807
3004
9131
3005
10506
3009
3010
12331
6042
10921
5593
10802
12940
10058
9985
303
12792
12939
13451
13060
10721
6841
7617
3159
3163
11968
3191
3194
12799
10067
3198
10441
3214
3218
3219
6880
3225
3226
12645
9544
6895
10538
3232
6897
9713
8742
3259
9342
3262
12015
6910
6913
12291
5742
10747
6932
10979
6943
6945
6946
12124
12973
6961
12513
3356
10464
3360
91
3388
3387
3389
3393
3399
3401
6985
10176
202
6991
3440
3441
3444
3454
9422
3460
12041
9474
7015
3471
9547
3472
10064
3549
7313
3556
3559
3565
3568
10066
7030
9384
3596
3603
3611
3615
3629
3631
7036
3636
10438
7038
3652
9462
3660
7041
3676
7048
3685
3687
7056
3777
10485
9766
10671
7103
9824
13376
3831
4676
7116
2417
7922
3845
3855
3857
3858
8273
7122
2456
7125
7130
12764
7137
7142
7143
3875
3879
6616
9896
10238
7153
10633
9549
6454
2838
206
7179
3959
7189
3963
7191
10420
8211
7195
7196
7198
8729
13073
12075
13334
9961
9801
7216
7222
7223
10719
12941
9609
7231
7236
10932
7238
4028
4034
4043
4051
10725
7247
4054
9769
4065
9953
4070
4075
4081
10161
4098
4089
9897
10201
7320
4107
9360
7260
7263
9720
9433
4114
7272
13106
7281
12704
4136
7285
7286
10082
4168
4169
4174
4176
9330
9460
9363
7297
4204
10269
4210
10162
10463
13402
7326
10794
9774
4261
11921
10014
11895
7352
7355
12698
12734
7368
12470
7375
7377
12803
7386
12123
4336
4354
4356
9369
11967
10607
10265
7400
10904
7401
10164
12125
10318
4386
13613
4415
4418
5651
7425
10456
4428
10977
7430
4438
10353
4453
7437
7439
4457
4474
4477
10410
4487
4505
12263
4513
11891
4524
4525
7476
4538
9764
4547
10758
7487
9133
10104
4568
4569
4577
10713
11894
4585
4586
4587
4600
4588
10926
4592
4593
4594
4595
4597
12813
7510
4614
4621
225
13422
12773
9557
12795
4645
12162
10566
9228
4655
4664
12155
7551
7552
4672
7555
4680
4685
4687
8203
9625
7577
9968
4704
12356
4737
9612
4748
317
7597
319
9377
12774
9398
161
166
12911
12996
10031
8200
12735
7624
13661
13592
8170
4818
1502
7636
10819
7645
7648
11943
7650
4880
8746
4909
4912
13735
4931
4940
7680
4958
8196
7684
4965
4971
7687
4988
4992
10571
10822
4998
13680
9559
10782
5025
9785
5050
5051
9484
9960
5070
5074
5085
5091
5092
5094
7720
7722
7724
7725
5106
12257
10061
10062
10068
13683
10646
5146
3557
7756
12762
5175
5177
5180
5181
5185
7760
10576
5195
7767
10814
7771
5216
7781
5234
10374
10445
8172
7794
7796
5261
5263
5267
12109
12856
5277
5286
8325
5304
5342
12113
10192
4268
7829
5380
5381
10825
12400
5388
10976
5425
9390
8539
5432
5433
5436
8192
9348
5465
5469
6355
5474
10531
5485
9584
5494
5495
7857
9309
5506
9349
12721
13708
6843
9959
9238
10178
10024
10081
273
5604
8677
